:root { /* purple */
	--accentcolor:			163,47,194;		/*	blurple		-	default:	88,101,242		*/
	--accentcolor2:			225,115,180;	/*	boostpink	-	default:	255,115,250		*/
	--linkcolor:			190,60,220;		/*	link		-	default:	0,176,244		*/
}

:root { /* blue */
	--accentcolor:			100,100,220;	/*	blurple		-	default:	88,101,242		*/
	--accentcolor2:			225,115,180;	/*	boostpink	-	default:	255,115,250		*/
	--linkcolor:			50,50,180;		/*	link		-	default:	0,176,244		*/
}

:root { /* green */
	--accentcolor:			100,180,100;	/*	blurple		-	default:	88,101,242		*/
	--accentcolor2:			225,115,180;	/*	boostpink	-	default:	255,115,250		*/
	--linkcolor:			50,180,50;		/*	link		-	default:	0,176,244		*/
}

:root { /* yellow */
	--accentcolor:			180,180,50;		/*	blurple		-	default:	88,101,242		*/
	--accentcolor2:			225,115,180;	/*	boostpink	-	default:	255,115,250		*/
	--linkcolor:			180,180,50;		/*	link		-	default:	0,176,244		*/
}

:root { /* orange */
	--accentcolor:			180,120,50;		/*	blurple		-	default:	88,101,242		*/
	--accentcolor2:			225,115,180;	/*	boostpink	-	default:	255,115,250		*/
	--linkcolor:			180,120,50;		/*	link		-	default:	0,176,244		*/
}

:root { /* red */
	--accentcolor:			220,100,100;	/*	blurple		-	default:	88,101,242		*/
	--accentcolor2:			225,115,180;	/*	boostpink	-	default:	255,115,250		*/
	--linkcolor:			180,50,50;		/*	link		-	default:	0,176,244		*/
}

:root { /* gray */
	--accentcolor:			100,100,100;	/*	blurple		-	default:	88,101,242		*/
	--accentcolor2:			225,115,180;	/*	boostpink	-	default:	255,115,250		*/
	--linkcolor:			50,50,50;		/*	link		-	default:	0,176,244		*/
}